1
5
6
7
19
20
21
22
25
33
43
45
59
61
65
68
71
82
84
85
90
92
93
94
97
98
103
106
107
108
110
121
123
132
136
137
138
139
142
152
154
159
167
177
182
189
200
202
205
206
207
208
209
223
232
235
236
242
245
246
249
251
269
271
279
290
301
305
317
323
324
329
331
332
335
338
347
350
364
365
379
392
400
411
416
418
424
431
432
450
457
459
460
461
462
463
464
465
466
481
483
492
527
528
530
531
532
534
535
548
550
552
561
567
572
573
578
579
581
586
603
606
618
624
629
650
738
740
751
759
781
785
792
796
799
807
813
845
856
861
870
889
917
918
937
940
941
953
957
965
967
969
996
997
998
1000
1007
1011
1016
1018
1023
1044
1046
1050
1060
1064
1081
1082
1087
1088
1094
1095
1117
1118
1119
1120
1121
1122
1141
1165
1169
1170
1171
1172
1182
1191
1194
1195
1225
1230
1231
1232
1237
1238
1239
1240
1243
1251
1252
1254
1288
1289
1301
1302
1313
1356
1358
1366
1367
1368
1369
1372
1374
1397
1412
1413
1414
1415
1416
1417
1418
1419
1420
1421
1422
1423
1424
1425
1426
1427
1429
1430
1432
1433
1434
1435
1436
1437
1438
1439
1445
1451
1470
1471
1475
1479
1482
1491
1506
1519
1520
1526
1527
1535
1564
1565
1567
1572
1575
1583
1604
1626
1655
1661
1695
1709
1735
1773
1775
1793
1796
1802
1804
1816
1825
1844
1853
1917
1919
1928
1932
1943
1946
1972
2011
2014
2020
2025
2032
2035
2043
2044
2076
2107
2132
2150
2152
2154
2164
2171
2174
2201
2202
2203
2213
2237
2251
2286
2337
2363
2364
2365
2369
2386
2389
2390
2409
2414
2418
2451
2457
2464
2490
2497
2508
2514
2529
2559
2598
2607
2625
2685
2686
2752
2813
2819
2829
2847
2923
2952
2964
2973
2985
2986
2994
3000
3001
3019
3024
3101
3115
3138
3229
3230
3501
3535
3577
3588
3602
3613
3631
3638
3655
3660
3673
3701
3755
3840
3861
3878
3901
3946
4026
4087
4094
4106
4155
4208
4314
4320
4551
4618
4714
4719
4851
4898
4901
4910
4938
4999
5019
5114
5141
5153
5225
5252
5262
5291
5420
5475
5493
5525
5529
5630
5673
5675
5760
5781
5844
5941
6030
6033
6114
6115
6172
6178
6213
6372
6467
6555
6633
6702
6733
6746
6811
6877
6880
6973
6974
7014
7082
7193
7472
7561
7588
7695
7711
7740
7768
7769
7807
8097
8310
8311
8425
8609
8740
8915
9107
9260
9330
9331
9513
9544
9735
9761
9792
9834
9863
9917
9919
9938
9941
9969
9999
10005
10015
10087
10155
10161
10189
10216
10217
10259
10319
10357
10418
10629
10690
10721
10740
10793
10923
11061
11069
11341
11447
11471
11595
11633
11659
11761
11777
11843
11853
11859
11933
12001
12015
12031
12189
12343
12347
12367
12611
12671
12859
12967
13115
13203
13247
13271
13333
13335
13517
13601
14093
14237
14467
14513
14647
14719
14751
14833
15323
15347
15377
15417
15565
15613
15783
16035
16355
16419
16664
16680
16774
17074
17115
17265
17267
17389
17403
17505
17705
17873
17909
18055
18115
18375
18393
18429
18679
19053
19199
19291
19367
19489
19951
19987
20159
20431
20441
20447
20490
20500
20503
20521
20556
20570
20572
20590
20593
20599
20609
20613
20617
20619
20623
20631
20635
20644
20648
20652
20683
20706
20717
20727
20729
20753
20755
20760
20773
20789
20790
20799
20811
20815
20818
20835
20840
20848
20879
20880
20901
20906
20914
20920
20935
20953
20954
20978
20996
21004
21051
21064
21087
21104
21116
21123
21170
21175
21187
21189
21202
21218
21230
21256
21266
21268
21277
21283
21311
21314
21329
21355
21356
21357
21360
21363
21385
21386
21394
21399
21400
21417
21427
21428
21450
21459
21462
21471
21506
21507
21534
21560
21578
21608
21637
21641
21643
21646
21648
21651
21676
21679
21699
21706
21711
21714
21780
21788
21821
21822
21823
21830
21831
21834
21859
21861
21874
21880
21891
87495
87504
87533
87539
97590
97604
97619
97634
97635
97642
97668
97670
97769
97875
97881
97886
97889
97940
97984
98085
98143
98144
98228
98298
98437
98439
98448
98449
98501
98505
98515
98604
98630
98707
98746
99147
99263
99302
99412
99483
99539
99540
99557
99693
99699
99847
99935
100077
100166
100248
100298
100388
100562
100744
100784
100785
100957
101014
101024
101168
101227
101261
101280
101281
101313
101347
101348
101360
101370
101373
101497
101759
101814
101830
101875
101903
101915
101918
102380
102661
102883
102949
102977
103223
103350
103354
103631
103735
104175
104198
104257
104454
105096
105143
105190
105228
105310
105655
105663
106169
106206
106457
106492
106499
106509
106568
106572
106896
107256
107313
107418
107663
107871
108554
108928
109618
109964
110028
110178
110349
110354
110355
110413
110464
110810
111428
111500
111944
112301
112376
112609
112818
113359
113425
113476
113652
114085
114236
114340
114555
114557
114888
115567
115844
115908
116006
116566
116620
118375
120209
123779
125206
126905
127690
128399
114119
3879
126354
131880
107625
8358
120377
131005
114564
3827
113717
1528
6444
127412
137312
130166
109946
122808
140502
125367
114317
140960
142080
4715
2416
138882
3616
140002
20141
139093
129123
9035
126659
17223
3692
112658
1834
139630
146310
143277
153930
16183
156905
1158
351
119806
155925
146323
155907
136430
135778
158927
154924
139821
2057
157198
125447
121181
7479
140005
153452
144188
165682
9996
119675
154391
128893
155971
536
4854
2053
1339
6383
159490
148468
142877
134623
158997
131770
3842
7398
162803
103726
146066
7152
171144
137908
151807
99753
1807
6492
175642
136804
169584
5928
177046
102058
166710
171748
174653
168345
162896
173388
173295
3065
149939
6713
10819
10825
10824
3751
156087
1151
2012
157965
8500
172190
15925
127976
16211
169754
869
518
185213
185088
16
49
57
66
75
76
79
105
143
145
146
155
160
161
165
183
185
187
191
210
219
226
276
277
299
306
322
344
348
359
388
389
390
407
449
451
452
467
471
472
488
489
523
558
560
570
584
585
604
617
661
665
685
713
874
878
934
962
976
1029
1030
1033
1105
1135
1145
1177
1203
1210
1219
1264
1278
1293
1300
1338
1453
1454
1500
1524
1530
1531
1534
1556
1570
1571
1577
1642
1681
1689
1690
1694
1836
1887
1889
1922
1925
1929
1953
2034
2039
2045
2104
2167
2200
2367
2402
2602
2609
2759
2787
2904
2931
2978
2981
2993
3091
3111
3322
3342
3359
3369
3420
3455
3958
4003
4081
4181
4224
4581
4814
4879
5020
5081
5150
5155
5162
5300
5307
5476
5578
5671
5680
5681
5702
5751
5958
5998
6024
6045
6129
6164
6566
6574
6594
6645
6736
6841
6862
6895
7053
7411
7662
7724
7785
7791
7877
8074
8142
8277
8676
8861
9055
9213
9253
9289
9333
9760
9776
9934
10029
10162
10165
10191
10209
10278
10379
10389
10408
10491
10588
10620
10638
10794
10800
10884
10893
10918
11111
11113
11241
11339
11499
11531
11665
11739
11757
11785
11889
12119
12149
12291
12467
12531
12679
12883
13093
13125
13171
13535
13759
14131
14293
14355
14511
14713
14741
14827
14921
15051
15059
15061
15109
15125
15315
15583
15591
15771
15989
16067
16123
16528
16662
17549
17741
18247
18411
18497
18507
18617
18661
18671
18849
18897
19111
19363
19383
19685
19703
19815
20053
20181
20444
20474
20483
20485
20488
20510
20518
20527
20530
20555
20560
20566
20575
20596
20607
20614
20625
20656
20661
20694
20697
20698
20708
20709
20722
20728
20741
20744
20748
20766
20794
20801
20812
20817
20837
20856
20861
20868
20904
20910
20912
20918
20947
20950
20952
20964
20972
20981
20990
21066
21076
21085
21086
21108
21118
21127
21128
21158
21171
21186
21196
21228
21262
21269
21281
21284
21293
21296
21298
21306
21316
21331
21340
21349
21365
21366
21406
21423
21460
21495
21513
21519
21520
21544
21584
21631
21638
21647
21672
21683
21702
21703
21710
21726
21741
21745
21751
21776
21782
21804
21878
87526
97610
97618
97625
97660
97667
97683
97766
97815
97821
97858
97860
97873
97904
97908
97983
98034
98202
98249
98310
98349
98385
98438
98444
98478
98495
98496
98497
98506
98520
98529
98762
98866
98868
99131
99366
99390
99391
99394
99426
99468
99586
99642
100179
100268
100269
100283
100402
100500
100645
100673
100716
100791
100815
100852
100965
100977
100990
101042
101046
101117
101123
101215
101249
101386
101546
101922
101970
101992
102004
102351
102680
102976
103000
103048
103221
103237
103638
103643
103871
103874
103900
104051
104052
104080
104115
104157
104217
104391
104459
104936
105018
105081
105200
105246
105907
105914
105989
106286
106625
106863
107068
107226
107506
107618
107717
108092
108147
108339
108430
108463
108577
108628
108891
109020
109089
109261
109287
109298
109403
109616
109621
109929
110090
110615
110733
111324
111734
111762
112033
112258
112300
112357
112443
112612
113415
113418
113538
113813
113950
114043
114129
114233
114263
114963
114979
115113
115824
115825
116147
116267
116287
116741
117067
118399
118419
119781
120120
120697
121684
122148
122348
123645
124080
124132
124223
125909
130549
1923
98772
3786
122052
2103
2400
123769
131264
126793
128705
114065
118103
138714
1148
131584
21753
1180
1924
982
750
6980
120646
1641
10213
132525
131083
1450
1623
1772
109820
106240
138424
126288
20687
101705
9693
132405
2597
5460
10531
118390
99900
3417
137633
128034
137281
134732
132532
133412
132526
107203
11697
127911
142074
142984
99639
14373
107447
101916
1956
143289
143455
134413
6985
21610
131573
128223
143270
133891
20450
4685
111310
116676
144676
101917
103118
151126
17221
99507
127958
151765
146475
14283
137341
131182
21833
131912
101289
1581
128827
127230
130003
2947
20525
146676
1686
2889
4835
141949
1159
104460
131520
155908
97731
10456
151806
153841
140596
147216
116867
146637
142849
151252
135515
14181
145064
98475
140642
147864
11577
5029
142914
3819
117989
12317
18465
109928
2038
108630
141208
150957
150653
156854
143653
154965
1738
10465
139311
157295
148098
113204
20598
154412
157654
148370
159831
155982
163132
160447
142343
131863
152802
1068
11313
125261
9535
155730
103504
159559
138788
162694
154459
2179
17010
169382
20788
162314
169402
165070
141821
155963
155645
170661
162780
158926
169447
166216
14515
167087
166794
165314
1554
138425
1280
165254
360
170935
6120
155657
163270
166828
171040
163078
168138
175783
6061
160389
112
164212
171019
175200
159110
112748
148080
177672
166531
162804
1346
10463
13727
170130
128207
163133
2765
179978
130777
97874
20907
146669
4440
155912
168194
168872
6864
165790
179919
171018
170942
162785
171545
166477
163623
164172
155502
20959
13283
173533
154963
171642
116740
174654
176273
107194
610
8503
169441
21001
21633
147189
143598
181182
321
151117
2441
