1
7
17
21
22
28
48
60
66
74
76
77
88
100
102
103
105
114
120
134
142
145
149
152
153
154
158
183
185
189
201
202
205
210
218
219
221
223
232
235
240
246
249
251
263
267
270
272
276
280
285
287
290
306
314
323
339
349
350
354
357
371
372
379
390
407
412
418
419
437
460
461
467
472
485
486
488
489
490
527
529
530
532
534
535
552
558
570
584
585
589
598
599
603
604
618
627
629
661
670
685
722
729
740
757
788
792
814
818
853
855
861
874
918
933
934
941
987
996
1007
1008
1010
1011
1028
1043
1044
1051
1118
1119
1132
1165
1196
1219
1239
1254
1270
1292
1293
1300
1364
1365
1372
1424
1425
1432
1444
1453
1472
1478
1482
1486
1496
1497
1500
1512
1519
1520
1521
1527
1530
1564
1565
1570
1571
1598
1626
1642
1647
1655
1656
1690
1698
1722
1735
1852
1853
1860
1873
1887
1889
1919
1925
1929
1930
1932
1960
1972
1981
2030
2034
2039
2043
2044
2076
2104
2112
2130
2154
2166
2167
2199
2200
2213
2218
2223
2225
2234
2290
2363
2367
2409
2415
2421
2457
2497
2514
2518
2559
2569
2578
2579
2593
2605
2609
2611
2727
2756
2813
2822
2828
2832
2847
2950
2963
2978
2986
2988
3180
3225
3229
3323
3325
3328
3371
3420
3482
3573
3577
3614
3625
3638
3660
3665
3758
3783
3977
4024
4026
4039
4049
4056
4082
4129
4181
4182
4224
4339
4415
4459
4513
4514
4581
4615
4814
4970
4983
5028
5060
5081
5114
5162
5203
5260
5420
5476
5493
5585
5682
5684
5713
5872
5958
6060
6064
6098
6114
6164
6202
6205
6211
6213
6261
6276
6347
6381
6491
6500
6566
6574
6607
6702
6746
6774
6802
6846
6877
6890
6956
6987
7148
7295
7337
7411
7518
7610
7662
7695
7729
7761
7768
7770
7867
7877
7902
8129
8310
8336
8425
8457
8475
8560
8626
8986
9007
9107
9181
9335
9339
9379
9624
9751
9754
9756
9760
9776
9832
9922
9963
10030
10110
10162
10165
10178
10216
10232
10257
10278
10495
10519
10568
10588
10702
10721
10740
10779
10797
10798
10800
11049
11061
11079
11433
11521
11537
11701
11771
11789
11843
11977
11979
11981
12057
12145
12291
12321
12355
12359
12403
12671
12679
12815
13165
13203
13331
13463
13535
13587
13601
13655
14093
14131
14237
14355
14511
14575
14713
14751
14813
14829
14835
15051
15061
15109
15119
15125
15195
15379
15487
15545
15583
15649
15653
15771
15781
15811
16035
16049
16355
16397
16417
16528
16592
16680
16894
16906
16918
17074
17513
17603
17641
17651
17677
17689
17697
17873
17919
18139
18155
18497
18557
18671
18745
18755
18897
19099
19151
19163
19199
19221
19291
19315
19383
19669
19681
19685
19841
20031
20181
20221
20371
20431
20444
20447
20459
20467
20475
20483
20485
20488
20498
20503
20518
20519
20520
20521
20546
20554
20555
20556
20560
20567
20575
20596
20601
20613
20617
20623
20629
20631
20644
20648
20654
20671
20672
20673
20678
20694
20698
20708
20713
20725
20732
20739
20741
20742
20754
20755
20757
20790
20792
20794
20799
20800
20812
20815
20827
20829
20835
20837
20843
20844
20863
20864
20868
20876
20881
20900
20908
20947
20948
20960
20962
20964
20981
20996
21003
21046
21066
21074
21078
21085
21086
21087
21127
21170
21182
21228
21234
21266
21270
21284
21306
21316
21319
21320
21321
21322
21349
21356
21360
21365
21366
21373
21377
21378
21386
21398
21414
21416
21418
21422
21423
21440
21455
21473
21495
21504
21506
21507
21509
21513
21519
21578
21631
21638
21645
21648
21651
21654
21659
21679
21682
21688
21696
21703
21704
21709
21711
21714
21715
21732
21733
21741
21745
21777
21784
21788
21795
21827
21851
21858
21878
21879
21886
87435
87496
87530
87538
97592
97621
97625
97634
97635
97643
97672
97683
97766
97821
97832
97881
97890
97904
97909
97920
97937
97940
97951
97980
98202
98251
98291
98292
98310
98389
98436
98438
98460
98478
98491
98496
98502
98503
98506
98520
98524
98554
98566
98657
98702
98746
98856
98866
98868
98891
98951
98997
99131
99230
99255
99394
99423
99426
99624
99642
99699
99916
100009
100010
100072
100179
100186
100388
100656
100661
100714
100722
100744
100762
100773
100852
100873
100957
100965
101001
101036
101043
101046
101097
101099
101101
101168
101215
101227
101249
101261
101280
101291
101338
101360
101386
101435
101573
101610
101632
101633
101634
101830
101903
101908
101924
102036
102074
102349
102460
102599
102604
102661
102700
102883
102926
102935
102949
102969
102977
102986
103222
103223
103256
103302
103350
103373
103386
103401
103638
103871
103947
104051
104068
104078
104080
104115
104131
104186
104198
104325
104391
104395
104459
104679
104936
104937
105018
105081
105200
105244
105310
105907
105932
106286
106479
106494
106863
107012
107067
107068
107175
107201
107208
107226
107420
107660
107693
107717
107871
107911
107993
108388
108444
108487
108511
108577
108735
108748
108891
109010
109019
109089
109190
109287
109403
109618
109621
109856
109963
110090
110200
110349
110350
110354
110355
110371
110786
110810
110857
111282
111323
111324
111428
111905
111954
112004
112128
112153
112258
112293
112353
112357
112376
112479
112608
112609
112625
112641
112667
112802
113050
113158
113311
113359
113397
113415
113585
113652
113906
113950
113970
114043
114085
114121
114194
114233
114236
114340
114426
114446
114473
114535
114555
114557
114840
114888
114979
115069
116006
116267
116338
116566
116589
116605
116620
116700
117343
117403
117696
117757
118399
120055
120120
120209
120320
120534
120892
122148
122349
122497
122807
123464
123779
123802
124131
124223
124555
124756
124845
124896
125206
125426
125446
126168
126403
126905
127399
128369
128546
128547
128872
130447
131773
895
890
686
2321
126354
3624
11769
2103
2400
10196
132467
4059
126790
109745
136119
8241
132126
114065
135171
114564
127401
118103
131584
21876
6094
21753
1180
5178
9991
134120
982
128563
750
126192
6567
120646
10213
1116
131083
1450
132283
135939
130166
127549
253
138424
126288
137740
20516
101705
122808
9693
145503
10703
142876
107670
127271
118390
1543
122434
118465
3417
125367
140830
140960
142080
107203
551
11697
127911
132010
132351
130319
123330
136829
6130
131878
139589
143917
129898
132171
107447
21307
141774
143289
143455
145468
143080
145545
117196
6985
101574
138882
145001
20927
127149
131573
129192
128223
143270
144323
143417
124410
2144
136706
133891
621
3616
111310
5276
130592
141391
131866
144676
146501
129123
146321
149073
126659
151126
135806
1205
116248
3692
140753
7247
4201
139643
21579
127958
151765
139630
143086
14283
142838
150695
131516
151379
139092
149874
131182
142481
153348
154545
143277
140439
139274
120180
128827
127230
153930
130003
147885
135384
5258
137822
351
131520
155908
97731
155925
2101
155911
146962
8231
117411
151806
154785
153841
140596
1808
147216
155907
20642
148969
138565
113595
139369
99657
159455
15813
20889
135515
135778
146346
98223
158928
158927
145064
146954
140642
147864
20938
153629
160728
155089
142914
124140
116756
616
151384
12317
1740
143338
4421
137308
18465
154983
127619
2800
1962
137621
126529
2802
125322
289
3298
2038
128890
159730
108630
3226
150075
151189
148109
155783
150653
125447
121181
154364
150672
160442
141911
153152
2961
7479
8496
153452
154965
1738
2428
157295
124028
144188
148098
126425
7655
991
127863
127550
145739
141899
11917
9890
136302
3507
164197
21237
119675
151513
11679
159831
136646
154966
20839
160188
153360
158830
158530
160447
142343
152802
154643
146836
13935
155158
104147
133411
3100
155168
155971
11313
141249
136484
6217
327
1339
8365
103002
148104
139435
163137
155730
119964
1106
105442
2291
154587
155389
158704
161364
162694
154459
159808
142666
159074
166829
142826
134623
2179
162720
151970
154454
120755
9040
139983
151091
150078
3842
170041
155171
170505
170915
156841
142684
164551
162147
17345
165070
141821
162002
155963
162989
146066
162780
158926
128862
159726
166216
14515
166794
136149
165314
1554
171030
1126
138425
7152
165254
137908
147642
156131
127227
166610
154967
1807
1711
170935
3905
138474
6492
125440
197
155657
163078
168138
158898
170953
164212
153288
146867
376
3324
11837
169417
169584
99084
140342
13843
166522
135643
173807
112748
3051
148080
112381
102058
669
171748
166531
162804
175977
168345
170938
166700
160963
104563
177798
163133
2765
9491
2967
179978
149939
167991
97874
20907
6713
10819
10825
10824
178533
165855
171457
156087
140842
168872
1151
139825
167820
166910
164293
175647
160488
157965
165790
169511
171018
171689
171545
171025
172190
4177
15925
155502
1837
174788
20959
163571
16211
182466
13283
175513
180847
154963
174596
102451
107193
183825
177709
610
518
8503
12789
167984
1780
172258
158166
107352
177476
179979
174802
153554
321
16
20
30
45
63
107
117
119
133
151
190
191
199
297
299
324
373
374
382
400
403
421
450
452
477
539
588
671
710
822
850
935
962
1018
1029
1065
1087
1171
1185
1210
1217
1230
1233
1269
1271
1288
1479
1531
1596
1661
1688
1691
1827
1888
1944
2001
2150
2164
2402
2418
2458
2508
2602
2985
3001
3112
3455
3593
3641
3759
3884
4081
4214
4320
4365
4680
4719
5042
5141
5150
5246
5300
5307
5667
5671
5940
5941
6201
6287
6594
6645
6712
7054
7590
7739
7759
8277
8676
9047
9055
9213
9289
9849
9936
10260
10379
10396
10491
10572
10620
10884
10918
11013
11235
11241
11499
11633
11785
11933
12119
12189
12365
12727
12859
13055
13759
13939
14045
14175
14563
15005
15315
15377
16123
16444
17741
17875
17909
18039
18245
18499
18617
18661
19111
19207
19799
20423
20494
20517
20537
20566
20583
20619
20625
20633
20649
20656
20657
20693
20705
20710
20728
20737
20740
20748
20808
20820
20846
20877
20878
20910
20953
20966
20972
20994
21000
21038
21069
21076
21096
21112
21114
21116
21138
21171
21184
21243
21246
21264
21293
21315
21330
21336
21359
21512
21520
21597
21612
21660
21699
21710
21751
21887
21896
97608
97637
97642
97707
97765
97776
97833
97858
97863
97938
97986
97994
98005
98108
98205
98320
98349
98444
98497
98501
98580
98603
98767
99263
99637
99638
99748
99807
100112
100166
100185
100248
100402
100483
100500
100668
100673
100715
100791
100977
101117
101132
101239
101267
101340
101347
101368
101371
101478
101499
101505
101506
102436
102928
102976
102979
103139
103301
103572
104008
104217
104252
104284
104461
104723
105333
105334
105387
105626
105873
105914
105928
106509
106625
106690
107371
108092
108111
108548
108623
108628
109261
109298
109819
110229
110446
110733
111001
111965
112443
112455
112612
112649
112719
113231
113418
113470
113476
113813
114263
114981
115113
115908
116173
116741
116742
117067
118375
119941
120046
122248
122348
124153
128399
130402
114119
122052
19431
132203
131880
615
118166
126793
8952
98814
3827
117556
21691
808
127412
1623
101981
121026
140700
136428
109946
109820
100537
1660
20941
140502
21441
142074
142984
20826
100684
2416
134413
13947
21610
139451
139449
5045
116676
137341
14145
1586
101289
116674
1158
146676
141949
1159
104460
10456
153567
136435
12487
132456
100133
142853
130696
4033
98622
130298
156001
142193
102891
7744
117989
154745
2527
129068
106571
3174
138700
139498
141208
145139
140005
10465
148401
157765
140999
9996
154412
155982
154391
151606
125261
536
166104
145260
159559
1175
139606
127692
10547
121799
99749
1692
100849
161964
216
102102
170661
154214
129188
111729
4566
963
17113
166828
164440
109731
160389
160090
171019
765
161476
170593
4107
174653
162896
173388
174044
12673
170130
10172
130777
100981
119042
2012
171400
177922
166477
163623
169098
165171
3863
167419
130558
11879
21257
3085
7158
180052
2441
