1
7
19
21
22
24
33
59
60
66
77
94
100
102
103
105
110
114
120
123
133
135
142
145
149
155
156
158
177
178
183
187
202
208
209
218
232
235
239
240
249
251
270
336
344
345
350
356
357
387
392
415
433
440
457
467
471
472
481
486
489
514
527
530
532
567
585
603
685
721
729
740
743
771
790
795
799
849
853
855
861
874
877
878
934
996
997
1030
1065
1087
1122
1177
1195
1210
1239
1293
1420
1425
1429
1439
1453
1477
1482
1486
1519
1534
1552
1592
1642
1689
1695
1793
1827
1887
1922
1929
1932
2035
2039
2044
2076
2161
2164
2166
2167
2236
2251
2367
2415
2468
2602
2605
2608
2973
2983
2986
3079
3092
3573
3588
3613
3673
3731
3958
3977
4003
4053
4087
4181
4182
4320
4382
4551
4581
4814
4879
4962
5081
5114
5141
5332
5420
5525
5578
5667
5671
5678
5680
5684
5941
5958
6098
6114
6164
6205
6213
6408
6574
6702
6774
6974
7054
7193
7311
7645
7669
7674
7724
7769
7785
7791
7817
8063
8142
8425
8514
8525
8560
8675
8676
8861
8915
9005
9055
9135
9181
9213
9260
9289
9335
9617
9624
9760
9776
9919
9926
9935
10029
10030
10087
10161
10165
10278
10490
10495
10588
10620
10690
10721
10793
10800
11001
11061
11111
11123
11499
11739
11751
11771
11785
12189
12355
12365
12403
12467
12883
12893
13171
13203
13333
13409
13655
14131
14189
14227
14293
14563
14669
14751
14833
15051
15061
15109
15315
15689
15699
15809
16005
16049
16067
16201
16353
16355
16397
16524
16592
16732
16742
16890
16894
16918
17074
17265
17513
17827
17831
17947
18497
18507
18671
18689
19363
19489
19603
19685
19815
19841
20181
20371
20431
20448
20464
20474
20483
20488
20503
20537
20546
20566
20575
20596
20605
20613
20614
20615
20626
20628
20654
20656
20657
20661
20668
20705
20710
20725
20742
20744
20754
20755
20790
20792
20794
20796
20804
20807
20820
20827
20876
20877
20908
20923
20950
20966
20981
20993
20994
21058
21108
21127
21128
21158
21179
21180
21184
21190
21222
21234
21258
21262
21296
21322
21349
21355
21361
21366
21421
21450
21457
21462
21472
21495
21504
21506
21512
21519
21565
21584
21613
21645
21648
21665
21679
21683
21685
21686
21688
21696
21703
21714
21718
21777
21782
21803
21827
21850
21854
21858
21878
21896
87435
87496
87526
97592
97604
97625
97634
97667
97820
97855
97863
97881
97917
97940
97979
97980
98034
98202
98217
98291
98298
98320
98349
98385
98436
98444
98476
98478
98497
98501
98503
98505
98514
98515
98542
98572
98604
98703
98704
98746
99131
99263
99423
99424
99426
99468
99548
99578
99634
99637
99693
99750
100049
100093
100178
100182
100185
100382
100388
100402
100500
100526
100661
100720
100815
100852
100957
101042
101117
101167
101215
101231
101239
101283
101291
101367
101371
101505
101573
101634
101759
101844
101903
101972
102598
102599
102949
103139
103572
103588
103874
103888
103900
104052
104198
104213
104217
104324
104372
104459
104461
104464
104647
104722
104936
104937
105018
105081
105333
105334
105807
105907
105932
106479
106918
107068
107201
107202
107226
107490
107693
107717
107956
108268
108388
108463
108577
108617
108632
108725
108759
108981
109125
109261
109321
109492
109856
110028
110178
110229
110810
111428
111500
111762
111951
112301
112302
112443
112625
112641
112818
113596
113693
114124
114195
114411
114446
114862
116287
116338
116605
117067
118030
118419
119661
120534
120697
122137
123802
124080
124223
124675
124786
125426
125428
125839
126905
128399
128547
129386
130549
890
21313
2321
3879
3786
130620
1878
2541
123769
9014
688
126790
118166
132126
133965
122441
3827
3537
113717
6980
495
131083
1450
20934
125682
131548
109946
106240
138424
126288
132806
122808
9693
2597
5348
6438
5460
137633
137281
125367
132532
133412
140960
16552
11697
142074
123330
20826
136829
21307
102997
1956
143080
145545
146210
136934
128223
144323
124410
133891
97888
111310
20141
131586
146501
139093
126659
131942
3692
20187
139092
149874
131182
131912
144533
146233
147885
146676
2889
141949
1908
351
131520
155908
21700
140596
148969
116867
139369
15813
151252
158927
156067
147864
130298
158923
102891
142914
616
141062
127331
18465
154983
148116
2800
1965
3174
289
150075
154364
143653
150672
153152
139310
21553
151847
148098
12191
151801
119675
151513
162893
163132
154391
145140
101595
146722
2384
125261
327
139435
157397
165426
146065
101432
99614
154587
155389
162694
142666
159074
134623
2179
151970
102574
146638
123899
168092
155171
165070
155963
146066
153818
162780
158926
154214
130046
166216
139518
14515
167087
153518
1554
1126
138425
7152
164244
137908
127227
166610
170221
154967
1595
112936
163076
166828
163078
168138
158898
160090
170953
153288
146867
166715
169584
111733
669
171748
166531
167420
174044
173295
169778
174576
163077
171608
149939
97874
126891
115296
171457
168872
17977
152681
2012
165790
171400
119978
107372
172190
1837
174788
173533
154963
174596
172453
178462
8503
21001
172258
158166
161474
179694
181182
180829
16
17
28
45
49
52
72
75
79
80
82
90
93
98
106
107
122
143
146
161
165
170
185
189
190
192
195
198
205
210
226
242
245
263
267
276
279
283
287
314
325
334
338
346
348
355
359
373
379
388
403
407
411
412
416
424
449
459
460
461
464
465
466
477
485
488
490
492
521
534
552
558
560
564
578
579
588
604
620
629
661
670
709
713
788
792
918
935
941
949
995
1000
1010
1033
1044
1051
1060
1064
1142
1172
1185
1186
1233
1237
1240
1251
1254
1276
1372
1397
1412
1414
1419
1422
1426
1435
1444
1454
1520
1521
1564
1570
1577
1583
1639
1688
1690
1721
1734
1825
1829
1836
1853
1867
1919
1981
2000
2001
2025
2026
2034
2043
2104
2112
2135
2150
2154
2163
2171
2196
2200
2203
2213
2298
2309
2355
2402
2418
2457
2458
2459
2526
2581
2607
2609
2716
2718
2813
2828
2920
2921
2950
2963
2993
3024
3125
3229
3369
3420
3503
3508
3572
3577
3614
3660
3965
4224
4339
4437
4513
4618
4654
4719
4811
4910
4999
5019
5028
5040
5060
5133
5150
5162
5447
5476
5521
5715
5764
5877
5957
6007
6129
6166
6172
6324
6467
6593
6594
6645
6712
6883
7053
7088
7148
7411
7610
7759
7768
7818
8097
8129
8277
8424
8557
8795
9000
9041
9204
9379
9515
9656
9834
9934
9982
10012
10110
10389
10500
10572
10719
10779
10851
10918
11013
11079
11227
11433
11531
11699
11763
11777
11793
11843
12119
12149
12237
12347
12413
12531
12679
13125
13331
13357
13391
13715
14075
14237
14511
14713
14741
14835
15005
15059
15119
15227
15379
15417
15731
15793
15811
15911
16417
16419
16518
16762
17082
17157
17351
17549
17603
18393
18679
18897
19111
19207
19319
19369
19647
20021
20053
20221
20452
20518
20521
20527
20533
20555
20560
20595
20607
20610
20631
20646
20649
20666
20708
20717
20721
20722
20729
20735
20736
20739
20745
20751
20766
20768
20769
20782
20785
20793
20800
20815
20833
20842
20843
20845
20869
20901
20906
20914
20918
20946
20952
20987
20996
21003
21038
21050
21066
21079
21086
21112
21116
21170
21188
21196
21243
21298
21306
21315
21319
21320
21329
21330
21334
21362
21406
21409
21412
21476
21508
21517
21520
21568
21583
21597
21659
21682
21684
21709
21711
21712
21741
21746
21748
21751
21773
21776
21804
21835
21872
21887
21891
21892
87494
87495
87517
97607
97617
97618
97643
97660
97683
97765
97769
97858
97904
97908
97951
97994
97995
98205
98240
98249
98251
98310
98491
98495
98496
98502
98520
98529
98596
98659
98707
98715
98779
98847
99230
99586
99638
99699
99807
99894
99916
100010
100112
100179
100298
100645
100673
100791
100814
100922
100965
101013
101016
101036
101043
101044
101046
101132
101168
101169
101206
101213
101227
101249
101267
101313
101348
101350
101360
101373
101381
101426
101478
101921
102093
102347
102349
102631
102883
102926
102928
102974
102977
103047
103221
103222
103275
103301
103311
103350
103735
103871
104115
104157
104159
104175
104278
104325
104454
104578
105074
105156
105246
105387
105595
105655
105914
105928
105989
106509
106863
107067
107294
107663
107871
107880
107912
108092
108111
108430
108487
108548
108553
108941
109010
109019
109616
109621
109964
110088
110200
110349
110354
110464
110733
110789
110811
111323
112023
112125
112166
112357
112479
112667
112719
112788
112802
113311
113415
113428
113470
113476
113813
113814
113936
113950
114043
114233
114448
114473
114557
114811
114888
114979
115113
115186
115908
116006
116173
116741
117193
117343
117696
118399
120120
122348
124153
124394
124845
125446
125909
126168
127721
128545
128546
129801
130402
101695
122052
1390
2400
131880
4639
615
138060
131264
109745
8241
126793
3771
122292
127720
128705
137227
114065
135171
132193
118103
138714
20502
6749
982
128563
21327
120646
114926
1641
4058
5904
1373
100401
1116
132525
132283
1623
101981
131045
1772
136428
253
132405
4484
142876
131518
1543
122434
1204
99900
3417
6203
138452
134732
107203
20940
127911
132010
142984
143917
99639
107913
113290
127595
366
141898
129898
132171
107447
136192
2416
13947
145001
97716
139466
134710
143270
2144
136706
621
3616
5045
130592
129123
103118
151126
111290
116248
7247
99507
1834
143086
14283
2092
137341
131516
146310
142481
153348
143277
140439
119080
5258
157417
136707
8362
2101
146962
8231
7468
151806
154785
153841
136435
155907
136430
132456
99657
135515
4033
135778
145064
98475
140642
5973
117989
154745
12317
1740
2922
126529
109928
5053
2057
2038
161632
108630
3226
134131
148109
163619
150653
156854
121181
141911
7479
10465
126186
144188
148401
991
103003
9890
146975
101078
9362
164197
146234
14749
154412
148370
990
136646
151606
6872
128893
142343
152802
3100
15823
1068
129759
137612
4163
1339
148104
5622
17205
6383
150697
159490
1175
154692
155419
154459
159808
154116
142770
169829
168609
162670
120755
3043
2618
812
1883
21829
131770
858
3842
7398
138260
162147
169362
10435
162002
155645
170661
130706
140665
9063
168374
165598
171030
165254
156131
107346
146921
143846
112323
4566
21582
1711
138474
197
171040
164440
12499
104123
164212
376
99084
166522
111362
112748
2429
158559
10463
166700
13727
12281
177697
128207
163133
10172
9491
54
2967
100981
6713
10824
178533
177640
108814
160589
160488
111314
157965
179919
162785
2791
166477
163623
8500
4177
20959
16211
7396
169754
13283
9868
518
21893
166699
178022
176063
21257
171291
1780
129549
126896
177509
143200
179979
106287
3085
180052
185648
4483
