1
5
16
17
21
28
45
50
52
57
60
66
74
102
103
105
110
122
146
161
170
178
189
205
232
235
239
249
263
269
276
299
312
313
314
323
330
338
348
350
359
379
387
390
392
403
415
427
439
452
464
477
485
488
489
514
521
522
535
548
565
567
569
578
588
604
627
629
641
670
713
729
785
795
853
855
863
877
878
918
949
962
1010
1011
1065
1087
1142
1165
1172
1177
1185
1186
1210
1216
1219
1239
1292
1293
1369
1397
1415
1418
1425
1426
1427
1430
1437
1444
1472
1482
1488
1520
1521
1524
1567
1570
1577
1617
1642
1690
1699
1735
1842
1852
1873
1887
1929
1932
1936
1951
1960
2011
2034
2044
2076
2107
2112
2150
2166
2182
2200
2213
2251
2286
2309
2402
2602
2730
2813
2828
2904
2921
2937
2950
3024
3079
3125
3229
3323
3462
3482
3508
3577
3660
3665
3673
4081
4224
4382
4513
4879
4970
5028
5356
5630
5671
5675
5680
5684
5941
5957
5958
6024
6129
6201
6213
6574
6645
6702
6736
6802
6880
6927
7054
7066
7193
7411
7785
7791
7818
8115
8197
8310
8407
8425
8426
8557
8630
8861
9213
9244
9253
9367
9776
9834
9863
9934
9989
10110
10155
10161
10197
10257
10259
10278
10408
10460
10491
10495
10572
10638
10719
10779
10794
10918
11013
11061
11079
11227
11285
11499
11757
11785
11793
12189
12291
13093
13125
13203
13335
13659
13759
14075
14189
14237
14289
14349
14467
14511
14741
14813
14835
15109
15125
15379
15617
15771
16035
16417
16419
16528
16732
16742
16934
17074
17357
17549
17729
17741
17909
18115
18507
18679
18897
19319
19489
19685
19815
20045
20047
20181
20485
20494
20518
20527
20537
20546
20554
20560
20562
20566
20575
20602
20604
20607
20613
20614
20625
20645
20646
20648
20649
20657
20666
20668
20671
20672
20694
20698
20708
20722
20736
20739
20740
20742
20744
20768
20790
20794
20799
20812
20843
20845
20872
20900
20906
20931
20946
20947
20952
20954
20964
20966
20972
20981
20985
20996
21049
21066
21108
21112
21113
21118
21128
21158
21170
21184
21188
21190
21194
21196
21228
21243
21256
21268
21281
21306
21322
21329
21330
21359
21361
21362
21390
21409
21421
21450
21460
21470
21476
21495
21506
21518
21568
21578
21584
21631
21647
21673
21726
21733
21776
21804
21813
21821
21823
21850
21857
21858
21892
87530
97604
97642
97667
97669
97766
97820
97821
97857
97860
97863
97908
97917
97937
97940
97980
97995
98108
98202
98217
98249
98310
98338
98425
98449
98495
98496
98497
98514
98520
98529
98542
98635
98861
98866
98868
98977
99131
99230
99394
99426
99548
99642
99678
99693
99750
99788
99847
100112
100269
100298
100500
100562
100644
100645
100661
100727
100762
100773
100791
100814
100815
100855
101024
101036
101043
101104
101165
101215
101227
101231
101267
101281
101291
101310
101316
101373
101410
101571
101573
101633
101634
101903
101921
101972
102348
102604
102680
102974
103047
103048
103110
103139
103301
103350
103572
103638
103847
104080
104117
104286
104307
104371
104454
104458
104679
104722
104936
104937
105018
105074
105228
105244
105246
105310
105387
105914
105928
106051
106286
106572
106967
107068
107138
107201
107202
107226
107339
107651
107693
107717
107956
108092
108597
108598
108632
108735
108981
109261
109298
109621
109856
110229
110270
110349
110350
110354
110371
110786
110851
110881
111428
111734
111762
112357
112443
112802
112818
113359
113476
113585
113814
113950
113970
114043
114056
114113
114121
114232
114555
114963
115113
115567
115715
116173
116267
116287
116588
116589
116741
117448
117696
118419
119941
120120
120150
120209
120534
120697
121679
122807
123474
124080
124131
124153
124223
124845
125446
127399
128399
130402
131773
20970
367
114136
11769
2103
107625
615
688
109745
8241
133965
114564
20502
131019
750
6567
6980
120646
117556
1838
21691
495
1450
6444
135939
121026
127549
142329
138424
126288
1660
132405
1543
146140
99900
137633
137281
139648
125367
108978
140960
107203
11697
129201
20940
127911
132010
130586
20640
127363
136436
6130
99639
141898
107447
21307
102997
143289
138882
145001
134710
20927
127149
143270
133891
4685
3616
140002
111310
130592
146501
129123
146321
103118
151126
111290
17221
140753
102933
112658
143086
142838
137341
139092
146310
143277
105401
128827
153930
130003
113653
147885
142219
1158
21678
146676
127957
157425
135384
5258
1908
351
104460
131520
146962
151806
2093
145665
136435
20642
132456
138565
100133
99657
15813
151252
130696
3512
158928
158927
98475
146954
154924
144687
160865
157883
124140
116756
131680
154745
151384
146443
137909
130050
2800
137621
126529
4481
289
3298
2038
8443
159730
139498
3226
150075
151189
134131
141208
148109
156854
154364
143653
150672
5501
141911
126186
144188
157765
151847
126425
12191
3877
141899
156896
136302
165682
146975
140999
3011
20598
119675
151513
14749
154412
136646
163132
162983
152802
166452
103993
11313
6217
327
165933
165426
1902
168565
154587
1175
154692
155419
154459
159074
134623
116226
127692
162670
146638
164312
3043
21829
146743
858
161964
216
7398
170206
155179
165070
162780
130046
139518
14515
166794
136149
1554
1126
138425
7152
164244
127227
111729
141879
156891
1807
4566
318
163076
125440
166828
152302
163078
168138
158417
158898
109731
160389
111932
164212
146867
166715
166522
111362
177240
148080
122875
174044
170938
169778
166700
12281
169927
156822
163133
4713
4533
179978
149939
5330
130777
97874
10824
171457
177640
153687
108814
152681
151300
151017
170942
171400
162785
163623
8500
107372
172190
1837
162987
16211
177495
154963
140689
107196
172453
165171
167143
21001
171291
180742
184989
177509
174802
11867
18
22
30
32
43
106
114
121
150
151
166
185
186
187
199
201
210
223
228
242
244
245
282
283
311
320
322
325
334
369
382
383
384
386
395
405
418
432
437
440
441
457
459
460
461
462
463
465
466
467
468
506
512
520
527
529
530
570
587
598
609
644
658
665
666
711
779
781
789
792
801
811
814
815
819
821
822
861
876
934
935
950
995
1007
1008
1016
1056
1059
1084
1093
1094
1153
1190
1222
1235
1237
1238
1272
1273
1274
1303
1328
1362
1364
1365
1366
1367
1368
1371
1375
1412
1413
1414
1416
1419
1420
1421
1422
1423
1424
1429
1433
1434
1435
1438
1439
1441
1453
1470
1471
1473
1474
1475
1476
1477
1478
1479
1506
1535
1539
1540
1550
1562
1566
1589
1592
1594
1598
1608
1638
1650
1661
1695
1698
1760
1761
1768
1804
1816
1824
1825
1827
1853
1889
1890
1901
2020
2043
2050
2071
2125
2126
2161
2165
2171
2178
2218
2225
2231
2236
2252
2263
2317
2346
2354
2355
2356
2385
2386
2388
2389
2448
2449
2459
2460
2463
2490
2491
2492
2493
2497
2512
2514
2516
2525
2544
2546
2547
2548
2549
2554
2555
2557
2558
2559
2567
2577
2608
2623
2726
2752
2759
2793
2829
2913
2981
2994
2997
2998
2999
3001
3002
3019
3154
3162
3211
3235
3285
3425
3479
3484
3485
3535
3603
3613
3618
3652
3702
3713
3731
3778
3784
3822
3838
3839
3848
3859
3868
3886
3923
3931
3965
4021
4039
4053
4060
4061
4094
4132
4151
4155
4189
4192
4264
4320
4389
4447
4477
4672
4714
4722
4723
4756
4810
4851
4898
4981
4991
5019
5060
5065
5114
5225
5228
5252
5332
5369
5493
5494
5583
5690
5751
5760
5996
6045
6187
6198
6297
6465
6467
6496
6707
6855
6867
6875
6895
6918
6919
6920
7337
7647
7662
7674
8026
8038
8097
8129
8234
8235
8460
8479
8542
8560
8609
8740
8842
8848
8950
8986
9074
9163
9164
9165
9166
9290
9416
9417
9547
9548
9549
9645
9656
9741
9754
9756
9865
9919
9963
9999
10030
10162
10202
10271
10391
10490
10497
10519
10546
10620
10627
10681
10731
10792
10800
10862
10870
10884
10897
10947
11001
11111
11113
11371
11705
11777
11843
11977
11979
11981
12001
12321
12365
12431
12531
12569
12679
12725
12727
12859
12893
12971
13051
13245
13247
13409
13469
13807
14027
14077
14227
14293
14397
14519
14629
14719
14967
15037
15039
15045
15059
15195
15323
15591
15775
15783
15847
15961
15989
16123
16239
16458
16468
16498
16664
16762
16802
16868
16904
16918
17187
17273
17379
17409
17573
17777
18177
18179
18397
18479
18483
18689
18745
18989
19123
19191
19193
19195
19363
19383
19391
19469
19613
19759
20464
20474
20492
20521
20526
20548
20559
20561
20595
20596
20605
20606
20617
20623
20628
20629
20630
20665
20669
20670
20691
20692
20701
20717
20723
20727
20751
20752
20753
20754
20755
20765
20776
20807
20808
20811
20835
20837
20842
20850
20860
20878
20908
20914
20942
20958
20962
20968
20978
20990
21007
21008
21032
21039
21056
21114
21127
21132
21187
21204
21212
21230
21234
21261
21280
21289
21291
21292
21300
21303
21311
21326
21335
21341
21360
21366
21368
21401
21407
21425
21473
21485
21487
21496
21505
21507
21565
21642
21646
21681
21688
21701
21702
21703
21713
21741
21773
21790
21799
21806
21822
21831
21880
87458
97590
97610
97619
97660
97854
97886
97890
97922
97968
97979
98034
98085
98143
98314
98379
98385
98436
98444
98478
98565
98604
98658
98872
98978
99147
99302
99424
99476
99557
99578
99634
99699
99883
99935
100240
100248
100353
100388
100465
100484
100526
100561
100658
100665
100876
100922
100957
100977
101016
101090
101102
101206
101283
101313
101338
101347
101348
101497
101743
101913
101918
101973
102036
102351
102353
102449
102631
102882
102883
102977
103302
104009
104051
104213
104217
104257
104459
104461
104578
104580
105143
105655
105662
106206
107313
108430
108631
108891
108942
109085
109125
109603
109819
110277
110355
110413
110640
112641
113024
113415
113596
113813
114124
114981
116923
117002
117067
119113
120257
120851
123464
125368
12117
3786
1878
4037
126897
131083
109820
2513
131681
135177
135178
2515
1505
9693
2597
5348
6438
5460
6231
8331
10766
10531
10703
13839
13837
14735
139179
98222
100653
141774
134413
131573
124410
20141
141351
9035
17223
131942
132821
131516
151379
3829
140439
131912
145494
116674
127230
16183
156905
1686
2889
4835
8247
130713
155908
155925
136080
133007
6964
883
12455
882
159454
2077
3245
15819
21286
102428
9154
21589
136430
21778
142853
430
908
664
145064
147463
124858
126649
141902
154037
834
100719
154176
154385
123901
130939
138675
138700
125447
20859
140005
2553
146984
2677
165557
166060
129610
31
3785
155399
159831
142343
1069
146722
163137
138788
166829
126678
135108
142826
2179
158997
131770
162314
156841
142684
2624
1663
4926
2831
10471
2830
16460
15607
139754
161923
165056
167087
177046
115138
16472
128623
126820
130058
101859
107136
178781
166531
167420
167991
6713
154768
10819
10825
178533
4440
111314
165790
182587
182814
169754
169755
159322
176642
147189
184639
