16
17
18
21
22
28
44
45
52
57
66
74
93
98
100
103
105
114
120
122
135
145
146
153
155
158
161
165
170
174
177
178
187
188
189
190
191
192
201
205
210
226
232
235
240
242
245
249
251
256
269
283
291
297
306
314
323
330
338
344
348
350
354
355
379
389
392
407
415
433
450
451
452
457
471
485
488
489
490
527
530
532
558
578
586
595
599
603
604
617
618
627
629
634
645
671
685
710
713
722
729
740
746
795
799
818
853
855
856
861
863
878
918
933
941
957
962
995
996
999
1007
1008
1018
1030
1033
1042
1043
1060
1065
1087
1105
1142
1165
1177
1185
1203
1210
1216
1240
1264
1293
1300
1364
1366
1372
1414
1418
1425
1432
1453
1454
1462
1482
1486
1488
1506
1520
1524
1530
1570
1571
1626
1642
1681
1688
1689
1691
1694
1698
1735
1825
1842
1852
1860
1861
1887
1888
1919
1922
1925
1929
1932
2011
2014
2016
2018
2020
2025
2026
2034
2039
2044
2046
2076
2104
2112
2159
2164
2167
2213
2218
2246
2367
2414
2415
2450
2468
2476
2497
2514
2602
2605
2609
2752
2756
2832
2923
2942
2950
2951
2981
2985
2986
2993
3001
3091
3115
3229
3302
3325
3420
3462
3577
3593
3641
3655
3665
3731
3782
3848
4003
4053
4081
4155
4181
4182
4224
4262
4382
4447
4513
4618
4811
4879
4970
5060
5084
5141
5155
5205
5300
5342
5420
5476
5493
5578
5667
5671
5678
5680
5684
5702
5719
5914
5925
5941
5957
5958
6024
6045
6064
6098
6114
6115
6213
6347
6377
6574
6594
6624
6645
6702
6746
6774
6802
6895
7054
7058
7108
7155
7193
7472
7592
7610
7647
7661
7662
7674
7705
7748
7759
7768
7785
7791
7877
8074
8129
8424
8425
8426
8476
8525
8676
9074
9242
9243
9260
9289
9335
9367
9379
9624
9656
9760
9776
9834
9863
9919
9934
9935
9969
10119
10155
10161
10162
10165
10191
10232
10259
10278
10379
10389
10396
10460
10491
10495
10500
10568
10573
10620
10765
10800
10884
11005
11013
11061
11079
11113
11135
11179
11285
11553
11665
11701
11737
11739
11771
11843
11889
11977
11979
11981
12157
12189
12355
12365
12403
12445
12467
12531
12679
12815
12883
13115
13333
13335
13535
13601
13759
14075
14077
14131
14175
14227
14237
14293
14355
14397
14511
14563
14741
14811
14813
14827
15005
15051
15061
15109
15119
15315
15377
15379
15417
15591
15605
15731
15771
15775
15911
15989
16005
16049
16067
16123
16353
16355
16397
16417
16614
16662
16664
16732
16742
16762
16866
16894
16918
17074
17082
17121
17437
17549
17603
17741
17909
18139
18153
18245
18497
18507
18671
18679
18689
18745
19111
19151
19319
19685
19703
19815
20031
20047
20181
20371
20431
20444
20447
20448
20455
20464
20483
20488
20494
20503
20510
20517
20519
20533
20534
20555
20572
20574
20575
20593
20595
20596
20613
20614
20623
20628
20636
20648
20652
20654
20657
20665
20668
20685
20693
20694
20701
20710
20713
20715
20717
20725
20728
20732
20739
20744
20751
20754
20762
20766
20768
20791
20792
20794
20796
20800
20805
20807
20815
20831
20833
20843
20863
20876
20904
20910
20912
20931
20939
20946
20949
20950
20954
20963
20968
20972
20981
20992
20996
20997
21003
21039
21049
21066
21085
21088
21092
21108
21118
21128
21138
21158
21170
21171
21180
21182
21187
21241
21248
21283
21284
21296
21298
21301
21316
21321
21329
21330
21349
21360
21366
21373
21378
21406
21412
21435
21450
21455
21459
21462
21472
21476
21477
21495
21504
21506
21512
21520
21544
21554
21577
21578
21584
21588
21595
21638
21642
21645
21647
21648
21659
21673
21701
21702
21703
21709
21715
21726
21733
21741
21759
21776
21803
21850
21878
87435
87480
87494
87500
87517
97592
97604
97608
97610
97625
97660
97669
97707
97757
97766
97769
97820
97821
97833
97857
97858
97860
97863
97881
97903
97904
97909
97917
97918
97983
97994
98005
98031
98034
98202
98205
98240
98291
98292
98298
98310
98349
98384
98438
98439
98478
98495
98496
98497
98503
98505
98506
98520
98529
98542
98548
98554
98566
98582
98599
98657
98658
98693
98703
98707
98715
98746
98762
98820
98866
98868
98951
98977
99131
99230
99366
99390
99423
99424
99468
99578
99642
99750
99807
99847
99916
99935
100166
100178
100179
100268
100280
100402
100500
100562
100645
100661
100673
100675
100723
100727
100762
100773
100780
100791
100814
100815
100852
100855
100922
100965
101001
101036
101043
101046
101099
101117
101167
101168
101215
101239
101261
101340
101373
101386
101426
101478
101505
101506
101571
101573
101633
101903
101922
101973
101992
102004
102093
102347
102348
102350
102385
102570
102604
102609
102680
102976
103000
103048
103302
103555
103588
103643
103871
104051
104052
104078
104115
104159
104217
104276
104284
104291
104325
104371
104391
104458
104459
104461
104464
104647
104679
104936
104937
104989
105074
105081
105244
105310
105333
105334
105626
105749
105914
105932
106051
106286
106967
107068
107175
107201
107202
107371
107490
107506
107651
107660
107693
107717
107956
107993
108092
108339
108553
108577
108581
108597
108629
108632
108713
108891
109010
109019
109020
109125
109261
109287
109298
109403
109963
109964
110090
110130
110173
110287
110350
110371
110613
110615
110646
110733
110734
110789
110811
111428
111500
111501
111734
111762
111944
111951
112033
112177
112293
112301
112302
112357
112479
112608
112609
112612
112641
112719
112818
113024
113231
113311
113397
113415
113418
113472
113476
113538
113596
113652
113814
113917
113970
114043
114121
114129
114195
114232
114263
114411
114446
114840
114979
115113
115740
115824
115825
115908
116006
116147
116182
116267
116589
116741
117067
117193
117496
117757
118030
118399
118419
119696
119781
120120
120150
120320
120534
120697
120851
121679
122148
122348
122349
123474
123494
123612
123645
123779
124080
124153
124223
124703
125368
125446
125839
125909
127041
127721
128399
128546
129046
130402
130549
890
114136
1923
115183
2400
138060
4059
131264
139813
126793
132126
128705
137227
114065
133965
131005
136795
127401
138714
1148
2204
21753
1180
1924
128563
750
126192
6980
120646
1528
10213
495
808
1116
132525
1450
127412
1623
121026
119938
1772
137312
127549
131548
142329
138424
126288
2513
9693
5348
145608
10936
118390
140502
100653
99900
3417
137633
137281
125367
138452
140830
134732
15313
132532
114317
138459
142080
107203
16552
11697
127911
132010
142984
20826
139589
10187
14373
107447
101916
136192
143455
146866
143080
117196
134413
6985
140187
138882
20984
21490
5002
97716
139449
131573
136934
144509
128223
143270
144323
143417
124410
621
140002
111310
116676
117763
101917
149073
103118
126659
101594
116248
3692
142095
21796
140753
116978
4201
5909
99507
3036
401
151765
139630
143086
2092
20187
137341
131516
151379
139092
131182
146310
142481
145604
143277
21833
140439
14145
101289
62
2595
3627
5216
9353
17020
9393
1581
153930
130003
113653
146676
141949
351
104460
20539
6709
131520
155908
142701
97731
352
142985
2101
117411
151806
106455
140596
136435
20642
136430
148969
116867
139369
115656
142849
151252
112640
14181
145064
140642
160865
98622
147864
158923
144092
3819
124140
616
117989
127331
154745
130190
130050
143338
4421
18465
148116
2800
106571
1965
109928
105906
289
2057
128890
161632
108630
139498
157693
3226
151189
141208
150653
154364
150672
145139
141911
7479
162960
153452
154965
1738
10465
139311
139310
148401
136145
113345
141899
9890
119675
154412
159831
155982
163132
160188
147103
151606
128893
158530
160447
142343
131863
152802
2801
146953
128643
1068
155971
11313
101595
129759
137612
141785
10294
125261
4163
6217
4548
101292
163137
155527
142877
161364
162694
166896
155419
154459
142826
154116
134623
14753
151970
116226
162670
4918
120755
146625
162209
161645
21042
146743
858
161964
98964
170206
155179
163263
169402
165070
10435
141821
162002
146066
130046
166216
14515
138425
21765
7152
1280
171144
165254
167146
112135
112323
963
3905
140369
138474
129664
155890
167486
163270
166828
171040
163078
168138
158898
109731
175783
6061
160090
160181
21255
169584
163139
177240
122875
3025
102058
171748
166531
162804
175977
162896
170938
166700
163133
4533
149939
5330
97874
10824
178533
170503
171457
4440
177640
168194
168872
6864
114959
2012
167144
157965
165790
170942
171545
163623
8500
164172
107372
171025
4177
15925
155502
16211
169754
13283
140689
116740
176642
176273
8503
175443
177159
21043
172258
179694
143598
181182
180367
179979
184639
179706
185088
20
33
47
49
51
60
75
76
107
121
129
150
168
182
199
223
227
228
267
270
279
317
347
349
369
372
393
405
418
431
435
449
460
461
462
463
464
481
499
521
535
543
552
563
566
597
721
777
790
792
807
870
874
969
998
1010
1011
1045
1046
1094
1140
1172
1176
1182
1238
1269
1338
1369
1374
1459
1468
1489
1532
1594
1604
1647
1657
1661
1726
1818
1829
1853
1921
1930
1931
1943
1952
2045
2107
2143
2147
2150
2161
2252
2286
2354
2355
2356
2390
2524
2592
2685
2730
2890
2966
2978
3024
3087
3125
3322
3455
3588
3667
3712
3713
3882
3884
3929
3958
3974
4129
4437
4531
4551
4581
4719
4814
4898
4938
5074
5081
5114
5133
5341
5525
5675
5940
6007
6129
6171
6205
6380
6381
6496
6566
6610
6747
7818
7858
8100
8407
8457
8986
9088
9159
9181
9330
9331
9513
9544
9751
9756
9790
10049
10087
10216
10357
10490
10624
10690
10793
10893
11319
11597
11633
11741
11777
12053
13203
13261
13663
14713
14833
15439
15613
15689
15809
16035
16157
16419
16442
16498
16512
17357
17651
17919
17947
18055
18397
18441
19315
19775
20454
20530
20560
20565
20590
20605
20650
20656
20671
20678
20691
20692
20708
20720
20741
20753
20755
20789
20801
20820
20827
20829
20840
20849
20918
20920
20947
20953
20958
20987
20993
21033
21087
21116
21136
21186
21191
21225
21249
21262
21269
21277
21311
21322
21340
21355
21379
21399
21400
21496
21498
21560
21568
21631
21636
21637
21643
21679
21688
21710
21718
21745
21856
21858
97617
97642
97643
97876
97940
98033
98144
98249
98379
98389
98436
98460
98477
98502
98572
98580
98604
99147
99263
99363
99425
99539
99540
99634
99637
99678
99693
99796
100049
100283
100465
100483
100668
100715
100722
100744
100977
101004
101227
101280
101283
101347
101361
101367
101547
102598
102599
102949
103223
103350
103735
104008
104080
104175
104186
104252
104378
104578
105096
105156
106509
106918
107339
107420
107672
107871
107876
107911
107912
108146
108241
108388
108511
108928
109483
110028
110178
110200
110354
110464
112023
112649
113950
114085
114236
114308
114535
114555
114557
114811
114814
114862
114963
116005
116605
116673
116742
117343
119113
119258
119661
120055
124132
124845
125206
126905
127399
129386
129801
130447
114119
367
2321
124494
126354
129277
136119
118103
3037
982
125038
136428
137740
132806
122434
130319
123330
107913
113290
127595
140457
129193
146210
4685
130592
135806
99937
3186
139820
1350
145815
116674
127230
2947
1158
130713
1159
132456
138565
99657
146954
144687
98579
130298
142193
142914
131680
129068
3816
5053
156854
121989
2961
21553
2428
151801
166044
20598
154966
154391
6872
144553
7025
146836
111794
3100
141249
2384
2053
327
139435
5622
6383
150697
159490
119964
105442
2291
157957
158908
169319
142770
139606
162720
812
150078
7398
161802
162314
162147
169362
155645
162780
139518
171030
1126
164244
97981
2972
141879
2070
1595
175642
155657
158417
112
171019
153288
146867
145728
4703
2429
166710
178781
173388
174044
10463
163077
156822
3065
6713
10819
10825
3751
104423
171018
171400
163134
1837
127976
434
518
160436
185736
7158
163135
158028
