1
19
20
21
22
25
26
28
33
45
47
48
66
77
80
88
89
93
98
103
107
110
114
120
122
123
143
151
161
164
170
177
188
189
199
202
205
210
223
235
239
240
242
249
251
263
269
270
276
277
279
297
306
323
338
339
349
350
372
379
382
389
392
407
412
424
435
440
447
452
468
477
481
488
490
527
530
531
532
534
535
548
552
558
567
569
570
572
584
597
598
599
603
606
617
618
627
666
721
738
740
777
790
792
807
818
856
863
877
918
934
937
941
962
969
975
996
997
998
1000
1007
1018
1030
1042
1047
1088
1172
1176
1182
1186
1192
1195
1210
1219
1239
1240
1251
1254
1292
1293
1362
1363
1366
1372
1378
1412
1413
1414
1415
1417
1418
1419
1422
1423
1425
1426
1436
1437
1439
1441
1451
1455
1462
1468
1482
1486
1506
1519
1520
1521
1530
1536
1565
1569
1575
1596
1642
1650
1655
1661
1699
1707
1735
1762
1842
1844
1847
1852
1853
1887
1888
1919
1922
1925
1932
1946
1952
1960
1974
2011
2025
2034
2043
2044
2076
2150
2161
2166
2171
2183
2213
2246
2390
2457
2473
2476
2497
2511
2524
2525
2559
2685
2813
2904
2937
2950
2966
2978
2986
3001
3009
3010
3024
3076
3079
3125
3297
3302
3420
3482
3572
3588
3593
3655
3660
3673
3805
3840
3882
4003
4081
4094
4181
4182
4320
4382
4581
4719
4814
4851
4901
4938
4970
4981
5019
5025
5107
5114
5300
5355
5356
5420
5476
5493
5525
5585
5675
5680
5681
5682
5684
5760
5832
5877
5941
5958
6024
6115
6171
6172
6198
6213
6347
6467
6491
6500
6573
6586
6594
6675
6702
6746
6774
6880
6951
6956
7054
7193
7311
7338
7592
7647
7662
7711
7768
7785
7877
7902
8097
8142
8214
8310
8311
8425
8457
8557
8841
8861
9074
9181
9253
9289
9331
9367
9776
9919
9935
10029
10087
10110
10162
10165
10216
10257
10259
10260
10278
10379
10408
10491
10495
10620
10719
10721
10779
10800
10937
11013
11061
11077
11079
11113
11499
11633
11665
11757
11761
11763
11777
11809
11843
11933
12403
12413
12467
12679
13093
13125
13203
13247
13331
13335
13357
13535
13667
13709
14189
14237
14397
14527
14713
14719
14751
14811
14833
15051
15119
15125
15225
15315
15613
15771
15783
15793
16035
16123
16149
16610
16762
17389
17505
17549
17603
17729
17741
18115
18139
18229
18429
18497
18679
18849
18851
18897
19363
19365
19383
19703
19775
20031
20181
20431
20447
20455
20457
20475
20483
20485
20488
20496
20503
20513
20519
20521
20530
20541
20546
20562
20572
20592
20601
20602
20605
20607
20613
20617
20619
20625
20649
20652
20654
20658
20661
20669
20671
20677
20678
20688
20694
20711
20722
20727
20735
20742
20753
20755
20762
20770
20789
20790
20791
20794
20800
20801
20812
20815
20817
20832
20845
20850
20863
20868
20877
20880
20881
20901
20906
20910
20914
20920
20935
20947
20952
20953
20954
20964
20966
20978
20981
20985
20996
21003
21066
21085
21087
21108
21128
21129
21136
21170
21182
21186
21187
21189
21218
21249
21256
21268
21277
21284
21305
21306
21311
21316
21321
21330
21331
21360
21361
21365
21366
21385
21409
21417
21421
21425
21432
21455
21457
21459
21462
21473
21495
21499
21507
21509
21512
21513
21560
21578
21584
21631
21637
21643
21645
21646
21648
21659
21665
21666
21682
21685
21699
21709
21710
21714
21718
21729
21741
21751
21773
21776
21781
21782
21788
21813
21821
21825
21842
21856
21857
21878
87486
87489
87495
97591
97609
97625
97643
97672
97735
97765
97769
97820
97859
97860
97880
97881
97886
97889
97890
97904
97917
97918
97940
97983
97995
98005
98033
98202
98249
98251
98314
98349
98385
98437
98478
98505
98506
98514
98520
98524
98542
98547
98549
98604
98657
98739
98746
98951
98978
99131
99390
99391
99423
99424
99426
99470
99483
99531
99539
99634
99637
99642
99693
99727
99796
99807
100009
100093
100166
100179
100185
100186
100240
100248
100268
100269
100388
100500
100523
100562
100663
100675
100714
100715
100723
100762
100791
100814
100852
100876
100922
100957
100965
100977
101036
101042
101043
101083
101117
101166
101167
101168
101215
101227
101239
101261
101280
101291
101313
101317
101338
101347
101349
101360
101368
101373
101435
101474
101505
101547
101743
101811
101812
101813
101830
101903
101915
101920
101922
101973
102004
102348
102349
102350
102351
102385
102427
102510
102570
102598
102599
102600
102604
102883
102926
102949
102976
102977
102978
102979
103110
103209
103222
103223
103237
103350
103638
103735
103871
103900
104080
104157
104198
104257
104276
104372
104391
104454
104463
104647
104679
104936
105018
105074
105081
105096
105190
105228
105244
105310
105333
105402
105626
105907
106169
106223
106479
106625
107067
107068
107201
107226
107313
107339
107693
107717
107871
107881
107912
108039
108147
108241
108339
108465
108478
108511
108553
108554
108598
108617
108631
108713
108725
108891
108941
108981
109125
109298
109403
109418
109603
109616
109819
110028
110088
110090
110178
110200
110229
110318
110350
110354
110371
110382
110413
110459
110547
110646
110686
110699
110733
110786
110857
111324
111428
111500
111734
111944
112125
112177
112258
112300
112301
112357
112443
112609
112667
112818
112930
113158
113260
113286
113311
113359
113415
113425
113470
113538
113585
113652
113655
113693
113851
113906
113917
113950
113970
114043
114085
114113
114124
114233
114236
114307
114448
114473
114557
114622
114811
114888
114963
115113
115186
115230
115715
115824
115825
115844
115908
116006
116015
116173
116267
116287
116338
116566
116589
116620
116673
116700
116741
117193
117343
117448
118375
118399
118419
120055
120120
120209
120320
120534
120859
120892
122137
122349
123779
124131
124136
124153
124223
124394
124675
124786
124845
125206
125428
125446
125909
126403
127399
127721
128367
128399
128547
128872
129872
130402
131486
131646
114119
367
890
686
1923
2321
3879
115183
3786
126354
3624
122052
11769
126819
2103
2400
2158
123769
129277
8358
615
688
126790
131264
132126
127720
137227
135171
118103
5178
131019
21327
126192
6980
120646
1373
1349
495
132525
131083
1450
6444
4071
1623
119938
137312
136428
109946
106240
126288
130591
9693
132405
139804
5460
10703
131518
127271
98222
128034
119056
137281
125367
132532
133412
132526
140960
142455
142080
11697
132010
132351
130319
142984
132474
130586
20826
136829
6130
131878
139589
133175
107913
113290
127595
141898
129898
107447
21307
102997
101916
141774
6999
145468
143080
145545
117196
134413
6985
101574
138882
145001
21610
97716
131573
145813
143270
143417
146650
124410
133891
97888
4685
3616
111310
20141
141351
142016
144676
101917
149073
126659
135806
17221
17223
99937
116248
3692
7247
112658
132545
20511
139820
139630
143086
14283
142838
137341
131516
139092
146310
143277
630
131912
105401
139274
120180
101289
153791
116674
153930
130003
6281
142219
146676
2889
4835
8247
130713
131826
119806
103715
136707
142701
155925
146962
151806
153841
146323
147216
2077
20642
116867
132456
138565
146637
21771
139369
158829
130696
112640
14181
158928
158927
145064
124858
146954
154924
147864
102891
155089
142914
5653
116756
158539
131680
616
141062
117989
2083
151384
146443
12317
130190
99730
21154
18465
148116
2800
129068
1962
3381
113108
109928
5053
2057
128890
161632
139498
151189
134131
141208
150957
148109
155783
157198
156854
154364
143653
150672
145139
159560
153152
7479
140005
8496
154965
124028
144188
148401
113345
165559
12191
991
151801
127550
145739
146552
165682
136138
104389
21237
9996
119675
151513
153845
154412
148370
159831
20839
21338
163132
160188
6872
128893
158530
152802
166452
155158
3100
6162
145140
146953
1068
155971
101595
129759
137612
136484
536
1339
9535
166104
139435
110224
165426
17205
6383
150697
159490
146065
103504
104405
3147
158791
142877
157399
157957
159559
158704
161364
138788
1175
166896
154459
159808
142666
159074
166829
126678
135108
142826
154116
134623
142770
139606
151970
162670
146638
164312
161645
21042
812
146743
158997
100849
131770
858
161964
162803
170041
162984
169773
168210
163263
156841
142684
169402
165070
155963
162989
146066
155645
153818
170661
162780
158926
154214
128862
162547
166216
150188
139518
14515
166794
165598
1126
2406
7152
158895
171144
147642
156131
127227
97981
2972
112323
141879
1807
1711
170935
17113
6120
175642
155657
176529
166828
163078
168138
158417
158898
6061
136804
159039
111932
170953
164212
153288
146867
765
11837
163139
145728
159110
3051
148080
112381
144713
102058
126830
2782
118131
100356
166710
171748
174653
166531
175977
162896
173388
174044
170938
173295
169778
170998
1346
177697
156822
128207
177798
10172
21475
4713
3065
149939
5330
130777
97874
146669
7598
119042
3422
10825
178533
171457
104423
180157
1151
139825
167820
2753
157965
165790
179919
171018
170893
2791
171545
119978
182814
1343
177922
166477
176508
163623
8500
164172
171025
172190
4177
1837
174788
162987
16211
169754
869
140689
176642
174596
176273
107194
170578
177709
518
21893
166699
187383
1780
147189
136381
180367
185736
157653
180052
321
1777
185088
53
60
76
100
102
105
106
169
232
285
311
344
345
356
371
373
403
411
416
418
427
428
429
459
472
550
658
685
779
814
815
853
995
1010
1011
1078
1117
1177
1271
1347
1364
1365
1367
1430
1472
1501
1571
1816
1860
1920
1921
2026
2035
2045
2251
2367
2402
2415
2418
2424
2512
2752
2921
2985
3002
3229
3455
3614
3638
3782
3977
4053
4192
4224
4447
4722
4744
4896
4898
4985
5141
5530
5578
5667
5671
5751
6164
6201
6707
6862
6922
7148
7590
7610
7724
7759
7791
7858
8074
8129
8407
8476
8609
8675
9000
9441
9515
9617
9734
9754
9790
9834
9938
9963
10012
10119
10153
10271
10572
10731
10862
11371
11741
11771
11889
12187
12189
12531
13055
13245
14027
14075
14349
14653
14829
14835
14967
15487
15911
16355
16419
16442
16518
16664
16694
16894
16916
16982
17265
17351
17357
17437
17651
17947
18121
18153
18245
18745
19109
19111
19221
19489
19603
19669
19685
20444
20448
20467
20474
20520
20533
20555
20574
20606
20657
20670
20725
20728
20744
20766
20792
20833
20862
20876
20923
20945
20951
20960
20987
21079
21112
21131
21179
21180
21290
21293
21301
21320
21325
21329
21355
21377
21379
21386
21465
21470
21472
21476
21518
21597
21642
21679
21711
21713
21777
21803
21804
21818
21822
21827
21837
21858
21886
21896
87488
87526
87538
97604
97617
97638
97667
97673
97757
97951
98034
98205
98240
98425
98436
98460
98503
98554
98566
98572
98659
98702
98703
99255
99578
99734
100049
100072
100077
100298
100382
100661
100773
100811
100855
101001
101097
101161
101348
101386
101478
101506
101610
101632
101633
101634
101844
101908
101921
102093
102661
102836
102839
103275
103301
103572
104158
104170
104368
104580
104937
105200
106206
106319
106858
106918
108040
108268
109010
109963
110615
112004
112479
112612
112625
112641
113428
113814
114121
114340
114535
114979
115069
116246
120046
122348
123802
125368
130911
12117
131584
1924
3037
127371
128563
750
1528
1838
127412
122808
2515
1505
2597
5348
6438
6231
8331
10531
13837
14735
1543
100653
140830
142074
143917
133844
2144
146501
146321
154545
140439
6657
113653
7468
21700
136430
135778
140642
139821
157883
155017
2922
4421
154983
127619
126529
138700
2148
104339
15021
151847
165557
154966
154391
2801
100519
166977
135255
141249
143202
327
162694
2179
162720
137734
163079
7398
17345
141014
152682
168374
152072
151807
169584
135643
162804
6713
10819
10824
4440
3751
151300
171400
1212
172453
179694
184989
174802
