20
21
27
28
30
33
48
49
50
51
60
61
64
65
77
100
101
103
107
108
122
136
142
144
150
153
155
173
177
182
191
198
199
227
232
235
249
251
260
269
304
306
326
349
350
371
372
379
387
392
393
405
431
435
449
450
452
461
485
489
521
527
528
529
530
552
586
595
598
599
604
609
618
671
704
713
721
738
740
759
790
856
861
870
918
941
996
1007
1010
1011
1030
1047
1078
1094
1105
1132
1161
1162
1172
1177
1182
1195
1210
1239
1240
1254
1260
1276
1293
1300
1369
1444
1482
1486
1489
1496
1530
1535
1562
1579
1642
1650
1657
1688
1699
1719
1731
1735
1818
1829
1853
1860
1929
1931
1932
1943
1952
1960
2039
2043
2044
2107
2150
2161
2168
2213
2354
2355
2356
2367
2386
2389
2390
2457
2490
2497
2511
2813
2923
2950
2978
2985
2993
2994
3024
3076
3125
3302
3342
3359
3420
3455
3482
3573
3593
3660
3755
3977
4003
4129
4214
4389
4615
4719
4811
4898
4983
5080
5133
5262
5300
5476
5493
5593
5630
5667
5681
5684
5872
5918
5958
6024
6129
6171
6547
6574
6586
6593
6702
6746
6772
6811
6927
7082
7148
7645
7818
7858
8097
8407
8425
8514
8841
8857
9181
9324
9441
9624
9790
9792
9922
9982
10155
10165
10191
10197
10216
10257
10259
10278
10379
10491
10690
11013
11061
11617
11665
11751
11757
11809
11889
11981
12049
12373
12403
12783
12815
12883
13203
13221
13251
13357
13535
13939
14237
14719
14751
15061
15315
15451
15613
15771
15793
15809
16035
16261
16417
16419
17867
17879
17909
17947
18041
18095
18115
18393
19815
19841
20021
20159
20181
20431
20488
20503
20519
20530
20560
20590
20594
20602
20605
20613
20617
20626
20646
20648
20649
20671
20678
20698
20705
20732
20741
20742
20745
20755
20769
20790
20794
20799
20820
20832
20840
20843
20863
20868
20877
20935
20949
20985
20993
20996
21003
21014
21033
21067
21074
21087
21093
21118
21136
21184
21188
21191
21192
21248
21249
21256
21284
21293
21306
21319
21361
21400
21409
21412
21422
21476
21504
21506
21512
21517
21560
21612
21648
21665
21673
21688
21710
21714
21726
21751
21776
21818
21835
21837
21858
21861
21875
21878
21892
87496
97592
97604
97617
97625
97642
97643
97767
97768
97820
97860
97881
97905
97940
97951
97983
97995
98249
98436
98437
98438
98449
98460
98502
98524
98542
98554
98580
98697
98739
98746
98868
98997
99200
99263
99390
99425
99540
99624
99637
99748
99945
99994
99995
100004
100185
100283
100294
100500
100562
100644
100656
100661
100668
100673
100714
100715
100744
100814
100852
100873
100965
100977
101001
101043
101046
101097
101227
101280
101317
101347
101359
101360
101361
101367
101371
101373
101435
101474
101505
101547
101571
101610
101920
102004
102427
102570
102600
102661
102680
103048
103110
103275
103276
103301
103350
104175
104198
104252
104276
104308
104391
104454
104936
105074
105156
105200
105228
105907
106479
106509
107339
107420
107693
107717
107871
107911
107993
108146
108147
108266
108465
108511
108553
108617
108631
108759
108928
109089
109321
109586
110028
110178
110200
110270
110318
110354
110371
110615
110857
110881
111145
111428
111500
111905
111965
112177
112301
112376
112608
112612
112641
112667
112818
113286
113415
113425
113476
113950
113970
114233
114308
114448
114555
114557
114622
114811
115824
115825
115908
116006
116173
116182
116338
116588
116673
116741
116742
117193
117343
117448
117696
118375
118399
120055
122137
122497
122807
124136
124396
124845
125909
127399
127690
128399
128872
129386
130447
131646
131773
2479
890
114136
2321
126354
3624
2427
688
139587
8241
122441
127401
118103
131584
1049
20502
1924
3037
442
982
6980
495
808
126213
132525
1450
125038
132283
119938
136428
138424
137740
13441
142173
132806
122808
132405
142876
122434
119056
142080
132010
130319
4715
132474
130586
20640
6130
133175
113290
127595
21307
102997
140457
129193
143289
146866
117196
6985
101574
131573
129192
133844
146210
151898
144509
143270
133891
621
3307
147226
3616
111310
5276
130592
4792
149073
126659
135806
101594
99937
3692
142095
7247
112658
3186
139820
1834
139630
143086
14283
109260
150695
151379
139092
149874
111144
131182
146310
143277
630
13253
145815
129191
16656
9393
128827
116674
127230
156153
130003
142219
146676
2889
139212
10456
100256
147216
12487
116867
132456
99657
159455
15813
115656
151252
135515
112640
3512
145064
146954
156067
146850
139821
157883
142193
142914
144092
116756
155017
131680
616
151384
983
130190
4421
154983
127619
129068
1962
106571
2038
161632
1866
139498
150075
155783
157198
156854
121181
154364
145139
121989
2961
154965
2428
126186
165559
1812
165066
119675
151513
990
162893
158830
128893
142411
142343
166452
152765
7025
3100
155168
145140
1068
100666
2053
327
145260
159490
146065
1106
5875
104570
99614
154587
1175
162694
142666
158908
169319
159074
154116
139606
162720
4918
143327
99749
163079
150078
100849
162803
161802
162314
162147
169362
169402
141821
152682
155645
162780
130706
154020
128862
150188
139518
14515
165314
153518
7152
1280
158895
164244
147642
107346
146921
143846
112323
141879
102526
2070
1595
3192
112936
129664
4147
125440
175642
155657
171040
163078
158417
112
146867
11837
169417
169584
175351
163139
12729
166522
173807
158709
112748
3051
4703
112381
177776
2429
2782
166710
171748
175977
158559
173388
174044
170938
156822
160963
178004
2967
3065
149939
130777
97874
11031
178620
10819
10824
170503
166214
114959
1151
2012
104059
170942
171400
170893
171545
107372
4177
163134
170083
177097
177497
176273
1212
103357
102451
104546
170578
178312
172453
518
160436
167419
176063
176053
172258
120315
136381
177476
185736
106287
157653
7158
180052
185648
164226
2441
163135
158028
63
76
79
119
143
157
174
189
190
192
273
330
346
348
354
355
356
390
407
448
472
477
490
588
685
756
777
788
880
933
935
958
969
1498
1512
1546
1569
1592
1596
1691
1723
1887
2026
2045
2046
2076
2102
2104
2166
2167
2198
2424
2476
2524
2602
2605
2685
2787
2988
3090
3112
3229
3328
3470
3503
3759
3805
3958
4063
4181
4192
4472
4581
4654
4744
4938
4975
5034
5060
5079
5081
5112
5114
5141
5246
5277
5307
5356
5521
5671
5675
5715
6148
6201
6500
6512
6572
6594
6682
6773
6791
6880
6883
6890
6922
6956
7088
7108
7662
7674
7705
7739
7759
7768
7785
7902
8074
8129
8277
8465
8479
8525
8861
8937
8985
9205
9260
9289
9330
9379
9515
9611
9776
9834
9911
9919
9958
9969
10012
10030
10073
10087
10110
10209
10260
10495
10638
10647
10737
10779
10790
10793
10805
10884
11079
11179
11339
11499
11597
11699
11741
11759
11761
11777
11783
11785
11933
12029
12057
12123
12187
12291
12365
12679
13601
13655
13663
13759
13851
14131
14175
14527
14563
14653
14693
14741
14811
14813
14829
14835
14949
15085
15109
15195
15225
15377
15437
15583
15591
15689
15699
15811
16005
16049
16123
16273
16385
16436
16444
16524
16592
16706
16934
16982
17074
17265
17437
17549
17637
17641
17651
17729
17875
17919
18617
18619
18671
18753
19163
19207
19221
19363
19369
19603
19685
20447
20452
20464
20467
20485
20510
20513
20520
20556
20593
20601
20606
20609
20625
20631
20651
20657
20670
20694
20711
20722
20728
20729
20744
20754
20767
20785
20789
20791
20792
20812
20817
20823
20824
20829
20845
20872
20876
20881
20884
20912
20917
20918
20923
20933
20939
20960
20962
20987
20992
20995
21054
21078
21079
21088
21092
21096
21128
21129
21131
21179
21180
21182
21187
21202
21214
21222
21262
21290
21311
21318
21321
21330
21348
21349
21365
21366
21379
21387
21390
21394
21399
21414
21417
21421
21425
21453
21455
21457
21460
21472
21495
21508
21509
21518
21520
21559
21574
21584
21586
21613
21626
21631
21637
21638
21641
21642
21645
21649
21654
21659
21672
21679
21696
21698
21699
21709
21717
21741
21745
21777
21782
21803
21825
21850
21851
21852
21855
21872
21874
87495
87526
97608
97609
97672
97673
97683
97707
97757
97776
97815
97821
97862
97863
97889
97891
98186
98292
98310
98349
98384
98385
98444
98477
98491
98506
98515
98520
98572
98599
98603
98762
98779
98856
98861
98866
98876
98878
98884
98885
98897
98951
99255
99391
99470
99539
99807
99938
100112
100269
100675
100722
100727
100728
100762
100811
100815
100855
100878
100957
101013
101036
101104
101169
101261
101267
101291
101368
101386
101499
101546
101573
101633
101634
101759
101773
101903
101915
101970
101972
101973
101992
102598
102599
102926
102976
103222
103223
103237
103302
103572
103631
103871
103900
104008
104078
104115
104157
104159
104325
104458
104463
104464
104580
104679
104937
104989
105246
105310
105333
105662
105857
105932
106223
106508
106625
106858
106863
106915
106918
107201
107490
107651
108092
108111
108388
108444
108489
108628
108725
108735
108941
109010
109085
109261
109287
109492
109618
109737
109963
109964
110229
110350
110446
110733
110789
110810
110811
110851
111501
112033
112325
112479
112609
112625
112649
112719
113348
113470
113538
113652
113906
114043
114085
114113
114121
114124
114129
114195
114411
114473
114535
114862
114891
114963
115069
116589
116605
117533
118030
119809
120150
120343
120697
120892
122148
123474
123779
123802
124153
124223
124555
124675
125206
127721
128546
128547
129046
130549
133798
114119
686
98772
11769
19431
131880
11067
293
10196
615
126790
109745
126793
132126
127720
135171
21769
128563
750
114926
117556
21691
131083
135939
1623
125682
253
254
255
140950
20516
101705
145503
5419
138452
132532
133412
140960
142455
20940
142074
123330
142984
136829
99639
100684
2416
143455
145545
20984
21490
21610
97716
127090
143417
98557
131586
131866
144676
146321
103118
140753
1533
142838
131516
142481
139274
101289
113187
1581
121962
1002
351
131520
155911
146962
21700
154785
146323
140596
136435
20642
20889
130696
4033
158928
158927
124858
98579
98622
147864
129190
130298
155089
158539
87528
117989
12317
2527
137308
126529
289
138700
128890
134131
159560
157295
148401
157765
126425
12191
127550
141899
146552
3011
20598
14749
6425
7463
157654
148370
159831
20839
163132
154391
153360
162983
160447
131863
152802
154643
13935
20465
155158
128643
141249
1339
932
150429
10668
150697
119964
107917
97955
21040
155389
157399
159559
158704
21570
166896
155419
154459
159808
142770
166058
151970
10547
120755
146638
164312
21042
216
123899
155171
155179
169751
170505
163263
9062
164551
162002
155963
146066
170661
159731
168374
166794
108413
141534
21765
137908
156131
166610
167146
154967
1807
4566
963
318
163076
197
163270
152302
144176
158898
109731
136804
160090
164212
153288
21255
21075
126830
118131
162804
162896
173295
169778
12673
170130
171031
174576
175868
163077
163292
177815
21475
179978
119042
4010
171457
171825
160589
139825
160488
157965
179919
162785
176508
172190
20959
7396
169098
173533
154963
174654
179126
107193
163327
177191
162889
175533
177709
610
1630
117074
1780
179965
179694
181182
180367
174802
153554
